          10   22.33831    
          40   22.00000    
          70   21.23676    
         100   20.00000    
         130   18.19341    
         160   15.62050    
         190   11.78983    
         220   4.000000    
         250   11.18034    
         280   16.85230    
         310   21.47091    
         340   25.61250    
         370   29.47881    
         400   33.16625    
         430   36.72874    
         460   40.19950    
         490   43.60046    
         520   46.94678    
         550   50.24938    
         580   53.51635    
