           1         277
           6         298
          11         250
          16         202
          21         222
          26         282
          31         295
          36         243
          41         200
          46         228
          51         287
          56         292
          61         237
          66         200
          71         234
          76         291
          81         288
          86         230
          91         200
          96         240
         101         294
         106         284
         111         224
         116         201
         121         247
         126         297
         131         279
         136         219
         141         203
         146         254
         151         298
         156         273
         161         214
         166         206
         171         260
         176         299
         181         267
         186         210
         191         209
         196         267
         201         299
         206         261
         211         206
         216         214
         221         273
         226         299
         231         254
         236         203
         241         219
         246         278
         251         297
         256         248
         261         201
         266         224
         271         284
         276         294
         281         241
         286         200
         291         230
         296         288
         301         291
         306         234
         311         200
         316         236
         321         292
         326         287
         331         228
         336         200
         341         243
         346         295
         351         282
         356         222
         361         201
         366         249
         371         297
         376         277
         381         217
         386         204
         391         256
         396         299
         401         271
         406         212
         411         207
         416         262
         421         299
         426         265
         431         208
         436         211
         441         269
         446         299
         451         259
         456         205
         461         215
         466         275
         471         298
         476         252
         481         202
         486         220
         491         280
         496         296
         501         245
         506         201
         511         226
         516         285
         521         293
         526         239
         531         200
         536         232
         541         289
         546         290
         551         232
         556         200
         561         238
         566         293
         571         285
         576         226
         581         200
         586         245
         591         296
         596         280
